2.6280
6.2640
7.1280
7.4280
5.7480
5.6160
6.1800
4.9680
7.2360
7.4520
7.5240
7.2480
6.9960
7.0440
6.3000
7.7400
7.5840
8.3640
7.5720
8.4360
0.2760
0.0120
0.0120
0.0120
0.0120
0.0120
0.0120
0.0120
0.0120
0.0120
5.2080
4.9080
4.2840
5.8200
5.4720
5.2800
2.8440
3.0600
0.0120
0.0120
0.0120
5.2320
8.0040
8.2560
7.1880
6.0240
6.1800
4.9080
1.7040
1.8840
4.2240
7.9560
8.4720
8.0880
7.5600
8.4960
8.6880
8.7120
9.3480
9.4800
9.9960
9.8640
9.6960
9.8400
10.2960
9.5640
9.9480
9.4560
8.4480
8.4480
8.9520
8.6280
8.6760
9.5280
9.6480
8.8560
10.7760
11.4000
10.5840
10.5480
11.2080
11.4720
11.2200
12.2400
11.7360
12.3240
11.7240
13.9560
15.3000
15.4920
13.1760
9.4440
9.5160
9.4920
9.3720
10.2360
12.3840
10.8240
8.7480
7.9200
7.9080
7.5840
7.0560
7.8480
8.3040
9.0000
8.3520
8.5320
8.9040
8.4480
6.7200
7.4160
9.7320
9.1440
7.4760
7.5480
6.8880
7.2000
6.5400
8.0880
8.9160
8.7720
7.5840
7.8360
8.8320
8.1960
8.5320
9.0600
9.9000
8.6880
7.9440
8.0160
8.1000
8.1480
7.3560
7.0560
6.5400
6.5040
7.6200
8.2440
9.7920
9.0240
10.6320
9.8520
10.6920
10.8480
10.5840
10.8840
8.8680
8.2560
9.7800
10.7280
10.2000
8.5320
8.4960
8.8800
8.6400
8.7240
8.1480
9.5280
7.8960
6.9000
7.4760
7.0560
7.4880
9.2880
8.4600
7.7760
7.3920
7.9440
8.6520
8.7720
6.8280
7.2000
8.0400
8.7000
8.8920
7.3920
6.8520
7.9800
5.8920
4.7880
4.9920
4.6440
4.7400
5.1000
4.9680
4.3440
3.6600
2.6520
1.3920
1.7640
5.5560
7.4160
7.3560
7.5600
6.9000
7.5600
6.6360
7.7760
7.5360
8.5440
8.6760
8.8920
9.1800
7.2000
8.4600
7.1160
8.2320
7.9560
7.7040
8.8320
7.3920
8.7360
7.7160
8.2680
5.7960
6.8280
7.1880
7.8360
8.2080
8.0400
8.1120
7.6560
6.2760
5.8440
3.1560
4.2960
7.6080
7.6800
6.8160
6.1680
5.5800
4.3080
4.9080
6.0840
5.8560
6.7080
10.2240
9.3960
6.9360
8.0640
8.0400
7.6920
8.6160
7.9320
8.5800
8.5200
7.8360
6.1080
6.0240
4.9680
4.2840
3.3240
2.4960
1.6320
1.2240
1.7880
1.3800
1.5600
1.2360
0.8040
1.0440
1.3800
1.4640
2.3400
2.9760
1.6320
0.6960
0.4800
0.4800
0.7200
0.7680
0.7440
1.1280
1.0800
1.8480
2.1960
2.0280
2.0760
1.8360
1.6320
2.0880
1.4400
1.1160
0.6240
0.6480
0.9480
1.9200
2.0160
1.9560
2.0640
2.1240
2.2320
1.5240
2.2800
2.4240
2.4240
2.5560
2.7120
2.9160
3.2160
3.5280
3.1800
2.7240
2.6280
1.9920
2.1000
3.2640
3.3240
3.1800
3.3600
3.3120
2.6280
2.3280
2.8680
2.9160
3.0480
3.4920
3.3840
3.0960
3.0840
2.8560
2.9640
3.1080
3.1560
3.2280
3.4080
3.6960
2.3160
2.5920
3.1200
2.5080
1.9080
1.9560
3.6960
3.3120
3.9600
3.8880
3.6360
3.9600
4.1640
3.5640
3.2400
2.9280
1.7640
3.3000
4.1280
4.2600
4.3080
4.3560
3.6480
4.0320
4.4040
4.4280
4.6320
3.0000
0.6240
0.4800
1.2000
2.1240
2.5800
0.9600
1.5600
1.8240
2.5920
2.6040
2.4120
2.4600
2.4360
2.5080
2.1600
1.2480
0.8280
2.0880
2.4960
2.5080
1.3080
2.4960
0.8280
1.2240
1.5960
0.9840
1.1520
1.0920
2.0040
3.0600
0.3960
2.8200
1.1880
2.4720
4.1640
5.1840
3.8880
3.2040
4.8600
5.9160
5.2560
5.3640
7.9080
6.8160
6.6600
6.0960
6.7080
6.8760
6.3840
6.3840
5.4240
6.5640
6.2400
6.4440
6.3960
6.1080
5.0760
6.5400
6.3000
5.7720
6.1200
5.7120
4.8600
6.5160
5.7840
5.3400
5.2680
5.9640
5.3880
6.1200
6.4200
5.7840
5.5560
5.1960
5.5440
5.5560
5.3520
6.0720
6.8520
7.3920
5.8320
5.7000
3.9840
3.6840
5.7120
4.7040
4.3920
6.4080
6.5280
6.6720
6.4320
5.7960
5.9520
6.2520
6.3480
5.9640
5.6160
5.1840
4.9440
5.1000
4.3320
4.3680
4.2360
4.3200
4.0080
4.0680
4.1520
4.0560
3.0000
1.4640
2.6040
5.5320
6.6360
6.2160
6.4320
7.1640
7.1040
1.1880
0.7800
1.9920
5.6640
6.5640
5.8680
6.6000
7.0440
6.2760
7.1400
7.1040
6.1080
6.4320
6.6000
6.0000
5.6640
5.1240
4.8000
5.2680
5.9880
6.2520
6.0120
6.5640
5.7240
6.2640
5.7840
5.2560
6.1920
5.4600
6.4680
5.6880
3.4080
1.9680
1.0920
1.6320
1.6920
0.1800
0.9480
2.7240
2.1360
0.3240
4.7640
4.8840
4.4640
4.8840
3.6120
2.7960
2.2680
2.0520
0.8640
1.8840
2.7360
2.4360
2.4960
2.5200
2.2200
2.2920
2.1240
1.7640
1.8600
2.4720
2.4840
2.6400
2.8320
2.8440
2.8680
2.9040
0.7080
1.6200
4.8000
6.9120
5.8680
6.0480
5.3640
6.5280
5.9280
6.0960
5.7000
6.1320
7.0440
7.3080
4.9200
6.0720
5.2920
5.5320
6.2520
7.1040
7.0800
6.2880
5.8680
6.5280
6.2520
5.3880
3.7200
2.8200
3.9360
4.9800
4.3440
3.0000
3.3000
4.0680
3.9240
4.6200
4.2600
4.5960
4.9320
5.3040
5.0520
5.1840
5.2320
5.0520
3.6360
1.8000
4.8720
6.6120
7.3320
7.2240
7.7040
7.3320
7.6440
7.4160
7.4520
7.2480
7.8840
6.9000
8.0760
7.0920
7.2840
7.2120
7.3800
7.2960
7.5120
7.4040
6.6000
7.4400
7.4400
7.2600
7.4880
7.2840
7.2360
7.2960
7.2960
7.3200
7.2600
7.4400
6.9480
7.1520
7.0200
7.7160
7.3800
7.1040
7.1880
6.7560
7.3080
7.1160
7.2360
6.6960
7.0440
7.2120
7.0560
7.5120
6.5760
7.4520
4.4640
0.0120
0.0120
0.0120
0.0120
0.0120
0.0120
0.0120
0.0120
0.9240
7.2840
7.5240
7.5840
7.4160
7.3320
7.7760
6.6000
7.1160
7.6800
7.3440
6.9840
7.3800
7.0680
6.8640
7.0200
6.7080
6.9240
7.3800
7.6320
7.5480
7.8960
7.5120
7.3440
7.0920
7.6200
7.5480
7.4400
7.0320
7.3320
7.0320
7.9680
6.9240
7.0440
7.2000
6.3720
7.1520
5.0880
2.1360
3.5880
6.3600
6.0120
1.6560
0.0120
0.0120
0.0120
0.6840
4.3200
2.7000
4.4160
5.8680
3.5040
6.0360
5.0280
5.4000
3.6840
3.5520
1.7400
0.8280
1.2120
3.2760
3.8400
3.8640
3.8160
4.5120
3.6120
3.0480
3.0840
3.3960
3.0240
3.2520
2.3880
3.5160
3.6240
3.2160
2.1360
1.5960
2.2080
1.7640
1.3800
2.2200
2.6160
2.9160
2.7240
2.1480
2.1480
1.5600
1.5360
1.8240
2.4000
1.5840
3.3360
2.6760
2.5320
2.5560
2.1960
2.3280
1.5600
1.8240
3.4920
5.0280
4.4160
4.0920
3.7440
4.5720
4.4640
3.8400
4.9320
4.3200
3.9720
3.6840
2.7360
1.7160
0.6960
0.8640
2.9280
2.8560
2.7720
2.2080
1.3440
0.6120
0.9960
1.5840
1.6440
1.2360
0.8760
1.7400
2.9520
1.9080
2.6520
5.1720
3.9000
2.7960
3.8760
1.1520
0.0120
0.0120
0.0120
0.0120
0.0120
0.0120
