3.5280
3.8160
4.2600
4.2960
5.3640
6.2160
6.9840
8.2680
7.0320
5.9880
3.2160
4.7160
2.7720
2.6880
1.6080
2.3040
4.4400
5.7240
1.8840
2.0280
0.6000
3.3240
1.7160
2.5080
4.8240
2.4720
2.8440
3.4920
2.8920
4.8840
9.5160
6.5880
5.4120
7.0200
6.2520
8.1120
11.2200
7.7640
6.7440
7.5840
9.4920
8.7000
7.8600
9.0480
9.4800
8.2800
7.5360
8.4960
7.4160
11.1120
7.2720
9.3720
15.8760
14.9160
8.7360
9.5760
8.4480
8.9280
10.5480
7.1040
7.9920
7.8360
8.2440
17.4000
14.9160
14.9280
14.2440
12.0960
11.7240
11.1960
11.8680
9.6600
13.2120
10.9800
13.9920
13.2840
13.8360
12.7800
9.0480
8.6400
9.4080
11.7360
10.5360
12.9840
15.6360
15.9600
15.1440
16.0440
13.0200
11.9520
8.6520
23.9760
23.1120
17.6760
13.1400
24.6480
25.8720
11.9640
8.9520
20.6040
25.1640
15.1200
25.8000
24.2520
21.0840
22.2120
24.7680
20.7360
17.6280
17.9160
20.0040
22.0200
16.7880
16.4040
18.0240
20.7360
18.2040
21.0360
23.8680
23.9640
21.7320
22.5240
23.7240
29.9280
28.1160
25.2960
21.4200
24.9000
25.3920
28.4640
26.6400
26.0880
24.8040
24.8400
27.5160
28.0560
28.1640
27.9000
27.8520
25.5000
