22.2840
20.5560
22.7640
26.0400
27.3720
29.3040
31.5600
29.5920
28.0320
25.3800
14.2320
10.9200
11.9400
13.5840
11.3280
14.6160
16.3920
19.4400
10.0920
8.7120
6.9000
7.3080
10.0080
13.5000
17.8920
4.7880
7.4040
18.1320
14.4480
12.9960
18.8520
8.8320
13.1760
11.9400
13.3680
19.9800
13.9560
12.9120
9.4200
16.4160
13.6920
17.5560
11.4000
8.6280
10.5960
10.7640
14.0520
4.1400
3.5520
5.2080
3.6480
9.6000
15.4920
6.9960
4.8000
5.1720
5.3640
14.5920
13.1880
14.0520
13.4640
10.2480
6.8640
4.1280
9.0480
12.8760
10.0800
13.8120
13.6440
13.6440
13.0080
8.7720
21.2640
20.2320
19.5480
20.7240
17.0640
23.3160
13.1880
19.5480
23.3040
27.1680
37.6320
42.7560
30.5400
28.5960
36.6000
34.3080
22.6440
22.1520
15.3120
12.9120
7.4760
6.5880
3.5400
19.0080
11.7720
5.6640
9.6840
20.6280
13.6680
1.4760
15.4200
9.9360
7.1400
9.0840
10.3200
18.5400
29.1480
39.9480
19.4040
20.7960
37.1760
42.6240
30.4920
22.6920
24.2760
2.9040
11.8320
11.2800
12.0360
11.6280
10.1400
4.0680
10.2840
12.6960
14.0040
48.4560
59.1120
28.3560
21.6840
22.8960
23.7840
19.2840
3.7800
23.7840
23.9040
22.9800
22.1880
23.3160
