9.2160
6.5880
7.9920
5.5080
8.0880
8.2560
8.2680
8.7960
7.0080
6.2160
5.5920
4.1160
4.1640
6.8640
2.9880
2.9880
2.4240
1.9320
8.2800
12.2640
10.5240
13.0920
11.3520
10.4880
9.5760
8.9160
7.3440
9.1680
9.5040
9.1320
11.2320
5.9640
4.8120
4.9800
9.1920
9.1920
10.5840
6.6480
3.3720
1.3800
0.8280
0.6720
0.7320
1.1520
2.4120
1.8360
2.4360
2.6520
3.7560
3.9120
3.0360
3.8760
3.0840
4.3200
3.9720
3.1320
2.3400
3.7440
3.5040
2.4720
1.2960
7.4520
6.4200
2.6760
3.8760
2.7720
0.0000
0.6480
2.1960
1.1640
0.3960
3.9240
5.1840
3.3000
6.4440
8.1960
5.8440
6.6360
5.7840
5.0400
2.4600
2.8680
4.3200
3.0600
7.5360
5.9880
3.0840
3.8640
3.6960
4.2360
4.6560
4.3080
5.6520
6.8520
5.2080
6.8520
6.7920
6.0840
6.2280
8.8560
6.0480
5.6640
11.5560
9.2520
6.6960
5.0280
11.8080
8.7240
9.8040
10.5840
12.5760
9.7800
8.3400
8.8440
10.7400
11.1360
8.5320
10.7040
8.4120
6.2880
5.1960
5.1240
4.6440
5.1840
5.1600
7.8720
4.9920
4.1400
5.1480
2.5920
2.7000
9.3000
8.2800
12.8880
12.1560
5.6640
6.4560
4.6320
3.7080
6.3360
