12.1680
10.6680
9.2400
8.2920
6.2160
6.0840
4.8360
4.2240
3.4200
4.0560
2.9160
1.2000
2.0160
2.1360
1.1160
0.7800
0.8040
5.9880
6.1080
7.0080
5.1720
6.0600
6.9600
7.0320
5.1360
6.7200
6.6840
7.4760
6.1680
7.3080
6.3720
6.4560
5.4480
6.7200
4.7760
5.2440
3.3720
3.6720
3.3840
3.5520
3.2520
2.4240
1.3080
4.1400
4.9320
6.0240
5.3520
5.5560
5.4600
4.3440
3.1080
4.0800
4.3680
5.8440
3.4440
1.9440
1.5720
2.6400
0.8280
1.8360
3.6480
4.9800
4.0560
2.4960
1.0920
0.2880
1.5120
1.3320
0.8280
2.7720
2.6760
1.0800
2.4360
2.7960
3.4200
3.5400
3.9360
3.3720
2.0880
1.4640
2.6640
2.2560
4.0080
3.5880
4.3800
3.3480
4.0080
4.5240
4.9560
6.5880
4.1400
6.4080
9.8040
9.6960
13.4160
11.1120
10.0080
8.4720
5.2320
3.3600
5.5200
9.8280
6.8880
4.3440
10.7520
11.7000
10.8120
12.3240
16.7760
13.9080
10.8000
8.5320
8.6520
6.6120
8.6760
7.8600
9.2280
8.1720
2.5560
1.6440
1.2960
4.3560
2.9040
2.6040
2.5320
2.6040
1.7520
1.5960
0.6840
2.4600
0.9600
2.0520
4.2600
2.5800
1.8480
3.8880
6.5880
8.5560
8.3880
9.1440
